416 199 356 336
1 2 244 63
0 320 35 343
35 343 110 334
110 323 98 303
98 303 97 247
1 504 14 499
0 531 19 524
1 538 22 531
0 545 53 528
0 560 43 540
43 540 59 545
0 578 39 558
39 558 58 549
0 583 13 576
31 592 14 596
3 508 17 506
5 452 45 440
17 574 47 559
47 559 103 544
19 452 32 449
25 523 37 518
27 53 82 63
33 589 86 569
35 492 77 484
77 484 55 448
41 503 72 507
72 507 90 502
42 538 55 537
55 537 81 526
44 496 58 492
45 500 66 494
49 522 62 518
48 588 90 571
90 571 108 581
55 124 118 133
60 445 75 461
75 461 107 475
64 501 80 497
68 538 99 527
109 535 84 547
69 488 109 496
73 602 122 584
122 584 136 588
77 466 116 498
86 513 111 504
88 567 113 559
117 554 134 548
94 459 106 458
93 506 106 501
98 66 227 97
227 97 229 137
229 137 235 198
236 203 244 267
99 569 127 555
98 571 121 580
121 580 154 559
103 611 140 593
105 394 106 444
116 610 150 592
150 592 167 601
106 524 139 510
121 384 120 369
120 369 171 361
171 361 174 467
174 467 194 466
190 477 145 492
145 492 122 487
121 477 161 464
161 464 162 392
157 386 158 369
158 369 132 372
123 134 223 147
123 400 123 470
123 534 160 520
123 580 155 586
155 586 188 571
127 492 169 502
169 502 231 483
129 481 145 484
130 579 166 557
166 557 190 566
137 383 153 383
134 394 121 396
109 389 122 386
136 393 156 390
145 547 185 532
185 532 203 540
156 590 183 601
189 598 214 605
159 590 199 568
199 568 230 583
230 583 204 597
174 508 199 506
175 555 210 544
210 544 235 552
175 557 196 562
196 562 230 554
170 223 150 263
150 263 132 315
132 315 133 332
133 332 170 325
170 325 225 275
225 275 227 248
198 501 223 492
206 518 156 518
156 518 176 525
176 525 230 528
205 565 232 579
232 579 265 569
207 564 246 554
246 554 263 562
213 598 232 585
216 529 183 528
183 528 215 540
220 63 296 78
224 541 239 533
239 533 260 539
225 609 254 596
230 97 258 91
263 90 290 83
234 487 234 527
245 609 259 600
259 600 331 608
247 153 282 149
253 584 266 593
266 593 303 577
254 125 272 107
272 107 305 102
253 552 280 566
280 566 304 560
304 560 340 571
254 145 282 142
266 529 280 476
280 476 288 412
288 412 283 380
274 593 304 581
288 94 303 79
303 79 310 6
294 155 294 170
294 180 294 219
297 153 297 229
297 229 303 325
303 325 312 394
312 394 336 393
336 393 341 456
298 498 300 451
297 558 282 549
282 549 295 435
295 435 296 403
296 403 288 221
288 221 290 132
290 132 252 137
240 127 254 132
254 132 321 117
327 119 490 91
299 344 301 390
299 312 301 334
300 134 303 294
303 294 314 381
305 409 306 375
306 375 302 342
299 557 301 516
301 516 308 457
305 280 306 159
306 532 307 516
307 532 307 554
308 267 311 162
313 419 317 399
312 522 318 507
318 507 318 488
318 488 323 419
310 416 312 403
318 142 311 289
311 289 316 372
317 214 317 278
317 278 319 371
318 576 346 588
319 198 322 134
320 204 322 247
327 132 324 150
324 604 346 593
346 593 378 607
325 355 329 313
326 307 328 295
328 295 326 269
326 427 325 504
325 504 333 549
328 383 351 340
328 397 328 394
328 394 330 514
330 514 340 554
331 139 325 225
325 225 330 263
330 200 332 249
329 367 334 328
334 328 345 273
331 189 334 155
334 401 332 455
335 357 354 301
354 301 377 224
334 477 337 511
337 386 432 192
432 192 450 142
336 222 340 129
339 471 344 502
341 393 352 436
352 436 350 471
342 121 349 133
344 325 354 287
352 282 359 242
361 237 369 183
369 183 376 160
376 160 385 120
346 378 417 241
417 241 447 179
348 255 342 189
345 184 345 149
345 386 374 349
374 349 398 309
348 482 352 522
351 527 353 545
348 550 347 573
347 573 380 586
350 154 349 210
349 210 354 241
352 572 379 557
355 140 355 182
357 188 355 219
355 460 358 538
358 226 363 191
360 190 360 143
370 451 371 404
375 400 378 351
369 587 359 590
359 590 375 602
416 199 443 113
372 221 376 194
376 194 388 145
379 257 413 179
377 210 388 158
378 446 378 549
383 213 393 150
393 150 394 116
387 140 390 124
386 216 397 176
402 172 422 119
387 380 387 414
396 409 394 392
394 392 388 357
388 357 397 336
389 223 405 179
409 175 432 116
432 116 432 115
390 421 391 488
391 571 390 498
393 178 396 167
396 167 417 119
392 575 481 607
392 593 407 605
397 150 401 113
399 313 400 346
400 351 401 563
401 563 529 607
399 565 520 608
404 137 406 124
404 374 403 303
403 303 465 172
465 172 546 165
546 165 545 606
404 376 405 560
405 560 538 608
409 378 412 398
412 398 431 391
431 391 432 436
432 436 410 444
410 444 410 518
407 131 412 119
410 298 409 350
411 558 448 537
448 537 449 503
449 503 448 218
415 358 415 373
413 190 427 144
424 447 426 531
427 598 446 605
428 178 447 144
439 557 454 554
437 157 448 120
447 173 461 133
465 128 477 101
452 131 455 119
453 144 460 115
453 175 467 147
454 356 489 314
489 314 511 280
516 271 529 244
456 163 478 111
455 538 499 553
499 553 538 564
462 169 468 147
467 161 486 112
472 142 486 105
471 581 538 604
473 133 477 120
474 167 516 162
476 152 537 146
479 144 485 130
483 575 538 593
482 143 531 138
484 556 524 563
488 123 507 119
498 91 510 87
516 113 513 126
516 86 565 76
570 76 812 31
519 94 524 119
531 111 547 154
547 154 576 198
576 198 598 239
539 103 566 170
544 97 547 111
545 108 551 124
545 87 556 127
562 131 579 175
579 175 619 259
619 259 668 338
668 338 716 398
549 233 557 218
556 378 556 359
555 126 587 204
587 204 621 275
565 86 566 99
561 609 562 194
562 101 570 144
568 195 566 606
567 104 570 111
570 111 578 156
569 575 572 208
570 610 570 579
570 579 594 588
573 203 602 255
602 255 647 323
647 323 686 373
692 377 734 427
740 430 779 472
779 472 807 480
575 113 573 82
577 412 578 454
578 459 578 520
580 321 581 343
586 343 584 318
584 113 593 156
592 162 601 200
601 200 628 261
628 261 668 319
584 81 596 132
596 132 619 184
580 96 584 108
590 83 596 118
596 118 618 162
618 162 624 192
595 149 614 196
599 172 620 218
601 81 625 175
613 90 614 109
614 593 632 600
616 590 668 604
618 88 631 147
631 147 634 193
634 193 668 265
668 265 666 262
666 268 680 292
680 292 700 334
621 115 626 152
621 87 629 85
629 85 637 142
637 142 644 165
626 212 639 252
639 252 663 296
663 296 685 324
634 605 647 609
636 89 643 121
643 121 649 174
643 87 665 223
649 70 651 83
651 98 680 249
680 249 699 304
699 304 741 380
656 99 672 179
672 179 685 214
658 88 676 182
664 88 666 107
674 331 690 331
690 331 748 425
748 425 786 458
670 68 671 83
674 89 676 122
676 122 686 195
677 63 680 122
680 122 693 216
676 335 704 376
711 378 721 400
684 87 699 193
699 193 713 250
713 250 729 301
684 341 706 369
688 227 703 278
700 74 699 142
699 142 706 176
700 225 714 286
702 284 713 312
703 67 706 107
706 107 727 210
727 210 735 287
705 334 715 354
706 139 710 178
709 141 729 286
713 76 716 126
716 126 740 230
740 230 751 304
751 304 796 425
715 67 726 116
716 380 731 408
717 95 724 141
720 100 727 137
724 52 730 126
730 126 737 155
725 303 744 358
729 374 764 428
764 428 793 460
731 73 731 85
733 77 734 108
738 163 758 284
739 57 737 66
737 66 742 136
744 140 748 175
740 196 746 236
742 609 760 518
760 518 768 498
767 492 773 476
745 383 758 393
758 393 781 443
749 336 773 382
756 64 755 96
755 96 759 182
759 182 770 233
773 237 786 292
786 298 812 409
752 158 746 123
746 123 743 83
749 75 753 142
754 160 756 215
756 215 772 297
774 301 783 347
783 347 804 405
807 409 813 428
756 551 761 533
756 609 768 570
757 438 784 461
759 80 763 139
763 139 773 205
773 205 783 233
761 64 784 203
760 300 771 340
762 91 775 194
778 198 780 211
770 513 766 526
772 524 774 508
770 602 772 531
774 43 770 89
770 89 789 217
789 217 789 238
775 610 778 541
778 541 787 494
777 417 800 460
775 70 779 87
779 87 784 137
784 40 792 49
783 418 809 466
785 140 795 255
795 255 795 299
786 51 785 110
785 110 796 193
796 193 800 319
788 78 790 123
790 123 796 145
790 64 793 120
792 70 797 127
794 60 797 96
796 483 792 515
792 515 795 548
798 57 803 147
801 153 805 295
806 300 811 388
799 592 803 580
803 580 804 498
802 81 810 39
805 90 811 53
812 112 809 275
810 281 814 377
